18
64
0000000000000000000000000000000440000000000000000000000000000000
0000000000000000000000000000004444000000000000000000000000000000
0000000000000000000000000000044444400000000000000000000000000000
0000000000000000000000000000666666660000000000000000000000000000
0000000000000000000000000000666666660000000000000000000000000000
0000000000000000000000000000666666660000000000000000000000000000
0000000000000000000000000000006666000000000000000000000000000000
6666666666666666666666666666666666666666666666666666666666666666
6666666666666666666666666666666666666666666666666666666666666666
0066666666666666666666666666666666666666666666666666666666666600
0066666666666666666666666666666666666666666666666666666666666600
0000006666666666666666666666666666666666666666666666666666000000
0000000000000000000000000066666666666000000000000000000000000000
0000000000000000000000000066666666666000000000000000000000000000
0000000000000000000000000000666666660000000000000000000000000000
0000000000000000000000000000666666660000000000000000000000000000
0000000000000000000000000000666666660000000000000000000000000000
0000000000000000000000000000006666000000000000000000000000000000
